REDEVOERING. 11

1001 103011 111110 31011011 Μ111111100 110131 11110101 dit 10011011 01 1011
1001 10110 10 10011011 30101 010 000 11101, 10110 3013001110101·
11011010 011 1111100101 30111 1111011111 10 000111101οη 101 10 01011 baham

10 1000 00 111 hij 1101001110 11101. Μο1 100111 100100111111100 10 0101·

01131 11010111111130103, 101110 100111 10 00100 tijd 0000 0010010101111111 ’

11 30101100, 111031 1101 10301 0011 3100100, 1011011111 11301010110
3100100, 00 10 301111 1001 0000 11003010 11311001111011 100 110 3101100
1110111 10 houden 01 10 100 000113 10 1011011301. 110101, dit 0110100 10
11101, 1011 10 11001 110101011101 1103113, 11101 0011 101101010. 11111
0010 1111301110 1100111, 11110101011111111 00001 11011 10 1010300111101
10111 30110110 3000100, 1011110 11101101011011111111, 01001111 30101100
110 1011011101 0110 01300 3010100. 1100111 11311111 301011, maur 110110
001 het verberone 11 10 3100111011 110 1101 0100101031. Ηο1 11 10011111
0101 01101 10 1000 om 10 1011 110 101111010101110300, 010110101 om
staats-metensem, 11101 001 om 11101οο101011, 00 101 001 1101111 het
meast.
110011 1100101111 000 1111111013. 1101 1001 110 101 0101111110 111111οἱ1
101 1011111110 10301111 10 100100, 00 1101111111111110 10 3011111, 1031·
01100110 01 1111011131, 10 1103010110 1101113103 1110013111
10301 1101 101100 11010011111001101110110010101101101001110111100·

- 300 op 1101 3011101 1100110 1011111111 1111 0100100 1001101101. Ζο01013

111 in 110101001130103 1101 1011011110 100 10 00011011 11100111, 11 1101
1101113 0103011111, 10001 3001 01101111110110110010111 103101 101 in·
11111100. 110011 -· 00 1101011 10 31001101101110010011011-υο1001111001
1011001100οο vij 10 00011011 1110100110ος 010011 111111 1100111 wij 010
10110101 0101101 0101111 101 10 00011011 010001 10111] 10101, 00010111 10
1110110111οἱ1. (1000 1001101131 101011101110110110111011110001010
1010011011, 10011001 3001 311000111101 11011001,101310111103 10 010100
101 000 301100100111111 0101111, 00 1101101101011111111101110011 1001,
1011 0100 011111 de 103100 10011011011101100 110111010111011113000101
01101101 01011. Dor 1001101101101 11011 1011011 01111, 111101 10 103100
110 nij 1111001111, 110111 111 1110110111011030110011130101101 de 00011011,
10 111000 0011010110 11031. Μο1 11330 1101, 101 ik 11010010 0111011130
01101101011103 110011, 1001 111 00111110100111101113110111111011011011
8

 

